1 10 1.0
1 29 1.0
1 32 1.0
1 71 1.0
1 79 1.0
1 106 1.0
3 18 1.0
3 47 1.0
3 54 1.0
3 76 1.0
3 79 1.0
3 124 1.0
3 130 1.0
4 10 1.0
4 32 1.0
4 47 1.0
4 54 1.0
4 67 1.0
4 71 1.0
4 76 1.0
4 91 1.0
4 110 1.0
4 123 1.0
4 130 1.0
4 142 1.0
6 21 1.0
6 67 1.0
6 69 1.0
6 124 1.0
10 54 1.0
10 91 1.0
10 142 1.0
18 47 1.0
18 54 1.0
18 76 1.0
18 79 1.0
18 109 1.0
18 124 1.0
18 130 1.0
21 67 1.0
21 69 1.0
21 106 1.0
29 32 1.0
29 91 1.0
29 106 1.0
29 107 1.0
32 67 1.0
32 71 1.0
32 91 1.0
32 106 1.0
32 107 1.0
32 110 1.0
32 123 1.0
32 130 1.0
42 49 1.0
42 79 1.0
42 123 1.0
42 142 1.0
47 54 1.0
47 76 1.0
47 79 1.0
47 109 1.0
47 123 1.0
47 124 1.0
47 130 1.0
47 142 1.0
49 123 1.0
54 76 1.0
54 79 1.0
54 109 1.0
54 124 1.0
54 142 1.0
59 67 1.0
59 91 1.0
59 106 1.0
59 110 1.0
59 113 1.0
65 79 1.0
65 91 1.0
65 112 1.0
65 113 1.0
67 69 1.0
67 71 1.0
67 91 1.0
67 110 1.0
67 113 1.0
67 123 1.0
67 130 1.0
67 142 1.0
69 91 1.0
69 113 1.0
69 124 1.0
71 79 1.0
71 107 1.0
71 110 1.0
71 123 1.0
76 79 1.0
76 109 1.0
76 112 1.0
76 124 1.0
76 130 1.0
79 91 1.0
79 109 1.0
79 110 1.0
79 124 1.0
79 130 1.0
79 142 1.0
91 110 1.0
91 113 1.0
91 123 1.0
91 124 1.0
91 142 1.0
106 107 1.0
106 123 1.0
107 124 1.0
109 124 1.0
110 113 1.0
110 142 1.0
123 130 1.0
123 142 1.0
124 130 1.0
124 134 1.0
130 134 1.0
130 142 1.0
