1 10 1.0
1 14 1.0
1 23 1.0
1 26 1.0
1 73 1.0
3 54 1.0
3 90 1.0
4 67 1.0
6 90 1.0
10 13 1.0
10 37 1.0
10 54 1.0
10 73 1.0
10 142 1.0
14 17 1.0
14 19 1.0
14 23 1.0
14 73 1.0
17 23 1.0
17 73 1.0
17 91 1.0
17 107 1.0
18 62 1.0
18 76 1.0
18 99 1.0
18 124 1.0
19 23 1.0
19 73 1.0
21 126 1.0
22 42 1.0
23 73 1.0
29 32 1.0
29 126 1.0
32 107 1.0
37 142 1.0
41 106 1.0
41 118 1.0
42 49 1.0
42 79 1.0
42 142 1.0
47 76 1.0
53 91 1.0
54 76 1.0
54 79 1.0
54 90 1.0
54 91 1.0
54 109 1.0
54 126 1.0
59 65 1.0
59 72 1.0
59 91 1.0
59 110 1.0
62 76 1.0
65 72 1.0
65 79 1.0
65 91 1.0
65 110 1.0
65 113 1.0
67 110 1.0
68 141 1.0
68 142 1.0
69 91 1.0
69 126 1.0
72 91 1.0
72 138 1.0
73 79 1.0
76 79 1.0
76 90 1.0
76 109 1.0
79 90 1.0
79 99 1.0
90 91 1.0
90 109 1.0
90 126 1.0
91 107 1.0
91 110 1.0
91 113 1.0
91 124 1.0
91 126 1.0
91 138 1.0
99 124 1.0
106 118 1.0
109 126 1.0
110 113 1.0
110 126 1.0
110 138 1.0
113 138 1.0
124 126 1.0
