1 10 1.0
1 14 1.0
1 19 1.0
1 23 1.0
1 29 1.0
1 32 1.0
1 73 1.0
3 18 1.0
3 54 1.0
3 62 1.0
3 76 1.0
3 79 1.0
3 90 1.0
3 109 1.0
4 13 1.0
4 33 1.0
4 48 1.0
4 63 1.0
4 67 1.0
4 68 1.0
4 71 1.0
4 92 1.0
4 97 1.0
4 112 1.0
4 123 1.0
4 130 1.0
4 134 1.0
4 141 1.0
4 142 1.0
6 21 1.0
6 37 1.0
6 69 1.0
6 90 1.0
6 97 1.0
6 126 1.0
10 14 1.0
10 19 1.0
13 134 1.0
13 142 1.0
14 17 1.0
14 19 1.0
14 23 1.0
14 29 1.0
14 32 1.0
14 73 1.0
17 23 1.0
17 29 1.0
17 32 1.0
17 73 1.0
17 107 1.0
18 54 1.0
18 62 1.0
18 76 1.0
18 79 1.0
18 90 1.0
18 99 1.0
18 109 1.0
19 23 1.0
19 73 1.0
21 37 1.0
21 67 1.0
21 69 1.0
21 97 1.0
21 126 1.0
22 26 1.0
22 41 1.0
22 42 1.0
22 49 1.0
22 106 1.0
22 118 1.0
23 73 1.0
26 41 1.0
26 42 1.0
26 49 1.0
26 106 1.0
26 118 1.0
29 32 1.0
29 107 1.0
32 73 1.0
32 107 1.0
32 130 1.0
33 63 1.0
33 67 1.0
33 71 1.0
33 102 1.0
33 123 1.0
37 67 1.0
37 69 1.0
37 97 1.0
37 126 1.0
41 42 1.0
41 106 1.0
41 118 1.0
42 47 1.0
42 49 1.0
42 106 1.0
42 118 1.0
47 79 1.0
47 99 1.0
47 109 1.0
47 124 1.0
48 68 1.0
48 92 1.0
48 112 1.0
48 134 1.0
48 141 1.0
49 106 1.0
49 118 1.0
53 59 1.0
53 65 1.0
53 72 1.0
53 91 1.0
53 110 1.0
54 62 1.0
54 76 1.0
54 79 1.0
54 90 1.0
54 109 1.0
54 126 1.0
54 134 1.0
59 65 1.0
59 67 1.0
59 72 1.0
59 91 1.0
59 110 1.0
59 126 1.0
62 76 1.0
62 79 1.0
62 90 1.0
62 109 1.0
62 134 1.0
63 67 1.0
63 71 1.0
63 79 1.0
63 123 1.0
65 67 1.0
65 72 1.0
65 91 1.0
67 71 1.0
67 72 1.0
67 91 1.0
67 113 1.0
67 123 1.0
68 92 1.0
68 112 1.0
68 141 1.0
69 72 1.0
69 97 1.0
69 126 1.0
71 97 1.0
71 123 1.0
72 91 1.0
72 110 1.0
72 113 1.0
72 126 1.0
72 138 1.0
76 79 1.0
76 90 1.0
76 99 1.0
76 109 1.0
76 134 1.0
79 90 1.0
79 99 1.0
79 109 1.0
79 123 1.0
79 130 1.0
79 134 1.0
86 130 1.0
90 109 1.0
90 126 1.0
90 134 1.0
91 110 1.0
91 126 1.0
92 134 1.0
92 141 1.0
97 106 1.0
97 126 1.0
99 109 1.0
99 124 1.0
99 134 1.0
102 139 1.0
106 118 1.0
109 124 1.0
109 126 1.0
109 134 1.0
110 113 1.0
110 126 1.0
110 130 1.0
113 126 1.0
113 138 1.0
124 126 1.0
126 138 1.0
130 134 1.0
