1 10 1.0
1 14 1.0
1 19 1.0
1 23 1.0
1 26 1.0
1 32 1.0
1 71 1.0
1 73 1.0
1 79 1.0
1 124 1.0
1 130 1.0
1 139 1.0
3 90 1.0
3 123 1.0
4 13 1.0
4 33 1.0
4 48 1.0
4 54 1.0
4 63 1.0
4 67 1.0
4 68 1.0
4 71 1.0
4 76 1.0
4 79 1.0
4 90 1.0
4 92 1.0
4 97 1.0
4 99 1.0
4 112 1.0
4 123 1.0
4 124 1.0
4 130 1.0
4 134 1.0
4 141 1.0
4 142 1.0
6 67 1.0
6 71 1.0
10 14 1.0
10 19 1.0
10 23 1.0
10 73 1.0
10 130 1.0
10 139 1.0
13 48 1.0
13 54 1.0
13 92 1.0
14 17 1.0
14 19 1.0
14 23 1.0
14 32 1.0
14 71 1.0
14 73 1.0
14 139 1.0
17 23 1.0
17 29 1.0
17 32 1.0
17 73 1.0
17 107 1.0
17 123 1.0
18 62 1.0
18 123 1.0
18 130 1.0
19 23 1.0
19 54 1.0
19 71 1.0
19 73 1.0
19 139 1.0
21 33 1.0
21 67 1.0
22 26 1.0
22 41 1.0
22 42 1.0
22 49 1.0
22 123 1.0
23 73 1.0
26 32 1.0
26 33 1.0
26 42 1.0
26 49 1.0
26 71 1.0
26 79 1.0
26 97 1.0
26 106 1.0
26 110 1.0
26 118 1.0
26 123 1.0
26 130 1.0
26 139 1.0
26 140 1.0
29 32 1.0
29 107 1.0
29 139 1.0
32 73 1.0
32 86 1.0
32 97 1.0
32 107 1.0
32 110 1.0
32 130 1.0
33 63 1.0
33 67 1.0
33 71 1.0
33 110 1.0
33 118 1.0
33 123 1.0
37 67 1.0
41 106 1.0
41 118 1.0
42 79 1.0
42 123 1.0
47 62 1.0
47 99 1.0
47 123 1.0
47 130 1.0
48 69 1.0
49 123 1.0
53 91 1.0
53 110 1.0
54 79 1.0
54 90 1.0
54 109 1.0
54 123 1.0
54 130 1.0
59 67 1.0
59 91 1.0
59 110 1.0
62 76 1.0
62 109 1.0
62 123 1.0
62 130 1.0
63 67 1.0
63 71 1.0
63 123 1.0
65 67 1.0
65 72 1.0
65 91 1.0
67 69 1.0
67 71 1.0
67 72 1.0
67 91 1.0
67 97 1.0
67 110 1.0
67 113 1.0
67 118 1.0
67 123 1.0
67 126 1.0
67 138 1.0
67 139 1.0
68 112 1.0
68 141 1.0
68 142 1.0
69 126 1.0
71 97 1.0
71 107 1.0
71 110 1.0
71 118 1.0
71 123 1.0
71 139 1.0
71 140 1.0
72 91 1.0
72 110 1.0
76 123 1.0
76 130 1.0
79 99 1.0
79 110 1.0
79 123 1.0
79 130 1.0
86 107 1.0
90 118 1.0
90 123 1.0
91 110 1.0
91 113 1.0
91 138 1.0
97 118 1.0
97 123 1.0
97 139 1.0
99 123 1.0
99 130 1.0
99 134 1.0
106 118 1.0
106 123 1.0
107 139 1.0
109 130 1.0
110 113 1.0
110 123 1.0
110 126 1.0
110 138 1.0
113 138 1.0
118 123 1.0
123 124 1.0
123 130 1.0
123 139 1.0
123 142 1.0
124 130 1.0
130 134 1.0
